#59259 Akshay Prassanna S

45 90 22 78 86 33 88 25 91 58 54 68 31 87 3 56 12

quick sort: 
pivot -> 45

largest -> 90
smallest-> 12

swap: 45 12 22 78 86 33 88 25 91 58 54 68 31 87 3 56 90
largest -> 78
smallest-> 3

swap: 45 12 22 3 86 33 88 25 91 58 54 68 31 87 78 56 90
largest -> 86
smallest-> 31

swap: 45 12 22 3 31 33 88 25 91 58 54 68 86 87 78 56 90
largest -> 88
smallest-> 25

swap: 45 12 22 3 31 33 25 88 91 58 54 68 86 87 78 56 90
-----------------------------------------------------------


Split

list1 : 45 12 22 3 31 33 25 
list2 : 88 91 58 54 68 86 87 78 56 90

-----------------------------------------------------------

list1

45 12 22 3 31 33 25

swap: 
25 12 22 3 31 33 45

largest -> 31
smallest-> 3

-----------------------------------------------------------

SPLIT

list1.1: 25 12 22 3
list1.2: 31 33 25

-----------------------------------------------------------

list1.1

swap:
list1.1: 3 12 22 25

-----------------------------------------------------------

list1.2: 31 33 45

-----------------------------------------------------------

l1:
3 12 22 25 31 33 45


-----------------------------------------------------------


list2

88 91 58 54 68 86 87 78 56 90

pivot->88

largest -> 91
smallest-> 56

swap:
88 56 58 54 68 86 87 78 91 90


split:
list2.1: 88 56 58 54 68 86 87 78
list2.2: 91 90

-----------------------------------------------------------

list2.1: 

swap: 78 56 58 54 68 86 87 88

largest -> 86
smallest-> 68

SPLIT:
list2.1.1: 78 56 58 54 68
list2.1.2: 86 87 88
-----------------------------------------------------------

list2.1.1:
78 56 58 54 68

swap: 
68 56 58 54 78

greatest -> 78
smallest -> 54

split:list2.1.1.1. 68 56 58 54  list2.1.1.2. 78
-----------------------------------------------------------

list2.1.1.1.

swap:
54 56 58 68

list2.1.1 : 54 56 58 68 78
list2.1.2 : 86 87 88

list2.1: 54 56 58 68 78 86 87 88

list2.2: 
swap: 90 91

list2: 54 56 58 68 78 86 87 88 90 91
-----------------------------------------------------------

list1 and list2 : 

3 12 22 25 31 33 45 54 56 58 68 78 86 87 88 90 91

return 3 12 22 25 31 33 45 54 56 58 68 78 86 87 88 90 91